0,1
0,10
0,1016
0,11
0,1100
0,1114
0,1119
0,1126
0,1143
0,1148
0,1149
0,1152
0,1154
0,1166
0,1173
0,1182
0,1187
0,1188
0,1189
0,1191
0,1192
0,1195
0,1198
0,12
0,1200
0,1215
0,1218
0,1219
0,1264
0,1265
0,13
0,1324
0,14
0,1434
0,1471
0,1473
0,1474
0,1476
0,1478
0,1480
0,1482
0,1483
0,1484
0,1485
0,1486
0,15
0,1508
0,1512
0,1514
0,1530
0,1531
0,1532
0,1533
0,1534
0,1535
0,1536
0,1537
0,1538
0,1539
0,1540
0,1541
0,1542
0,1543
0,1544
0,1545
0,1546
0,1547
0,1548
0,1560
0,1574
0,1599
0,16
0,1600
0,1601
0,17
0,1740
0,18
0,19
0,2
0,20
0,21
0,22
0,23
0,24
0,25
0,26
0,27
0,28
0,29
0,3
0,30
0,31
0,32
0,33
0,34
0,35
0,36
0,37
0,38
0,39
0,4
0,40
0,41
0,42
0,43
0,44
0,45
0,46
0,47
0,48
0,49
0,5
0,50
0,51
0,52
0,53
0,54
0,55
0,56
0,57
0,58
0,59
0,6
0,60
0,61
0,62
0,64
0,67
0,7
0,71
0,73
0,74
0,75
0,76
0,77
0,79
0,8
0,80
0,82
0,83
0,85
0,9
0,988
0,989
1,1109
1,1110
1,1111
1,1114
1,1125
1,1126
1,1129
1,1130
1,1148
1,1152
1,1156
1,1162
1,1171
1,1172
1,1187
1,1198
1,1206
1,1207
1,1211
1,1218
1,1600
1,1703
1,62
1,63
1,64
1,944
10,1227
10,1741
10,1742
10,26
10,56
10,943
10,949
10,950
10,989
10,995
100,101
1001,1004
1001,1005
1001,1116
1001,1511
1001,1513
1002,1003
1002,1262
1002,1263
1002,1506
1003,1268
1003,1506
1004,1006
1004,1007
1004,1008
1004,1239
1005,1054
1005,1243
1007,1017
1007,1115
1007,1239
1008,1235
1008,1236
1008,1237
1008,1287
1008,1326
1008,1394
1008,1407
1008,1432
1008,1574
1008,1705
101,104
1010,1011
1010,1012
1011,1013
1012,1026
1012,1028
1012,1287
1012,1326
1013,1028
1013,1090
1014,1015
1014,1016
1014,1238
1014,1264
1014,1265
1014,1335
1014,1512
1014,1514
1015,1018
1015,1020
1015,1049
1015,1051
1015,1068
1015,1239
1015,1335
1015,1514
1016,1017
1017,1097
1017,1098
1017,1102
1017,1182
1017,1229
1017,1233
1017,1246
1017,1247
1017,1248
1017,1249
1017,1250
1017,1251
1017,1252
1017,1253
1017,1263
1017,1264
1017,1423
1017,1426
1017,1464
1017,1465
1017,1466
1017,1467
1017,1468
1017,1469
1017,1470
1017,1472
1017,1477
1017,1479
1017,1481
1017,1491
1017,1492
1017,1493
1017,1494
1017,1495
1017,1496
1017,1497
1017,1498
1017,1499
1017,1500
1017,1502
1017,1503
1017,1504
1017,1506
1017,1519
1017,1568
1017,1599
1018,1019
1018,1020
1018,1226
1019,1021
1019,1022
1019,1023
1019,1024
1019,1025
102,103
102,104
1020,1049
1020,1050
1020,1051
1020,1149
1020,1200
1020,1282
1020,1294
1020,1306
1020,1308
1020,1335
1020,1339
1021,1022
1021,1063
1021,1065
1021,1564
1021,1565
1021,1566
1022,1023
1022,1024
1022,1071
1022,1602
1023,1051
1023,1069
1023,1071
1023,1598
1024,1025
1024,1106
1024,1563
1024,1564
1025,1026
1026,1027
1027,1568
1027,1569
1029,1030
103,104
1030,1031
1031,1032
1031,1703
1032,1125
1032,1126
1032,1129
1032,1162
1032,1206
1032,1207
1032,1703
1033,1035
1033,1036
1033,1037
1033,1038
1033,1039
1033,1315
1033,1575
1033,1576
1033,1577
1033,1580
1033,1581
1033,1583
1033,1585
1033,1586
1033,1587
1033,1590
1033,1593
1033,1594
1033,1595
1033,1596
1033,1604
1033,1614
1033,1652
1033,1656
1033,1703
1034,1253
1034,1254
1034,1257
1035,1036
1036,1039
1036,1040
1036,1041
1036,1044
1036,1128
1036,1130
1036,1208
1036,1296
1036,1297
1036,1312
1036,1315
1036,1356
1036,1421
1036,1575
1036,1576
1036,1577
1036,1578
1036,1579
1036,1580
1036,1581
1036,1582
1036,1583
1036,1584
1036,1585
1036,1586
1036,1587
1036,1588
1036,1589
1036,1590
1036,1591
1036,1592
1036,1593
1036,1594
1036,1595
1036,1596
1036,1603
1036,1604
1036,1607
1036,1608
1036,1614
1036,1619
1036,1620
1036,1621
1036,1622
1036,1623
1036,1624
1036,1625
1036,1626
1036,1649
1036,1650
1036,1652
1036,1653
1036,1670
1036,1682
1036,1683
1036,1684
1036,1685
1036,1727
1036,1728
1036,1729
1037,1038
1038,1039
1038,1040
1038,1125
1038,1126
1038,1129
1038,1162
1038,1206
1038,1207
1038,1604
1038,1620
1038,1703
1039,1040
1039,1081
1039,1083
1039,1128
1039,1135
1039,1163
1039,1208
1039,1315
1039,1430
1039,1603
1039,1604
1039,1608
1039,1612
1039,1613
1039,1614
1039,1620
1039,1621
1039,1622
1039,1623
1039,1626
1039,1638
1039,1652
1039,1654
1039,1711
1040,1208
1040,1209
1040,1620
1040,1625
1040,1652
1040,1718
1040,1725
1041,1042
1041,1043
1041,1044
1041,1663
1042,1043
1043,1045
1044,1624
1044,1652
1044,1663
1044,1689
1045,1046
1045,1047
1046,1047
1046,1327
1047,1048
1047,1327
1048,1149
1048,1272
1048,1279
1048,1338
1049,1051
1049,1067
1049,1149
1049,1200
1049,1282
1049,1306
1049,1308
1049,1339
105,106
1050,1052
1050,1053
1050,1054
1051,1066
1051,1067
1051,1068
1051,1202
1051,1599
1052,1055
1052,1259
1052,1346
1053,1054
1053,1056
1053,1239
1053,1255
1053,1259
1053,1324
1053,1347
1053,1508
1054,1056
1054,1255
1054,1259
1054,1347
1054,1350
1055,1056
1055,1058
1056,1057
1057,1058
1057,1259
1058,1059
1058,1346
1059,1060
1059,1286
1059,1326
1059,1328
1059,1331
1059,1389
106,107
1060,1061
1060,1259
1060,1284
1060,1286
1060,1326
1060,1328
1060,1330
1060,1335
1060,1340
1060,1346
1060,1348
1060,1350
1060,1389
1060,1414
1060,1416
1060,1417
1060,1420
1060,1432
1060,1433
1060,1436
1060,1450
1060,1527
1061,1062
1062,1063
1063,1064
1063,1065
1064,1065
1066,1067
1066,1068
1066,1200
1067,1068
1067,1069
1067,1200
1068,1071
1068,1202
1069,1070
1069,1071
1069,1200
1069,1598
1070,1071
1070,1072
1070,1200
1070,1598
1071,1598
1071,1602
1072,1073
1072,1074
1072,1080
1072,1082
1072,1219
1072,1455
1073,1075
1073,1219
1073,1441
1073,1455
1074,1075
1074,1077
1074,1079
1074,1218
1074,1220
1074,1224
1074,1225
1074,1226
1074,1228
1074,1229
1074,1441
1074,1446
1074,1447
1074,1547
1074,1736
1074,1737
1074,1738
1074,1742
1075,1076
1075,1219
1075,1230
1075,1447
1075,1458
1075,1737
1075,1738
1076,1077
1076,1219
1076,1228
1076,1230
1076,1441
1076,1458
1076,1742
1077,1078
1077,1079
1077,1219
1077,1226
1077,1231
1077,1460
1078,1079
1078,1080
1078,1219
1078,1226
1078,1231
1078,1441
1078,1460
1079,1225
1079,1226
1079,1441
1079,1447
1079,1736
1079,1738
108,109
108,126
1080,1081
1080,1082
1081,1083
1081,1084
1081,1085
1081,1604
1081,1652
1082,1226
1082,1737
1083,1085
1083,1604
1083,1751
1084,1085
1084,1609
1084,1610
1084,1611
1084,1614
1084,1615
1084,1616
1084,1617
1084,1618
1084,1619
1084,1649
1084,1749
1084,1750
1084,1751
1085,1615
1085,1616
1085,1617
1085,1618
1085,1751
1086,1087
1086,1132
1086,1294
1086,1299
1086,1480
1086,1513
1087,1088
1088,1089
1089,1132
1089,1294
1089,1301
1089,1480
109,110
109,111
1090,1091
1091,1092
1091,1093
1091,1094
1091,1095
1091,1096
1094,1096
1094,1236
1094,1238
1094,1239
1094,1343
1097,1102
1097,1479
1098,1257
1098,1505
1099,1268
1099,1506
11,1036
11,1039
11,1128
11,1163
11,1208
11,1210
11,1297
11,1607
11,1638
11,1652
11,1663
11,1682
11,1683
11,1684
11,1685
11,1686
11,1687
11,1689
11,21
11,62
11,940
110,111
1101,1103
1102,1481
1103,1104
1103,1236
1104,1236
1104,1566
1104,1570
1106,1108
1106,1432
1107,1733
1107,1734
1107,1735
1108,1562
111,135
111,136
111,2071
111,2074
1113,1260
1113,1472
1113,1473
1115,1265
1115,1268
1115,1472
1115,1474
112,113
112,114
112,115
112,116
112,117
112,118
112,119
112,120
112,121
112,122
112,123
112,124
1120,1314
1120,1316
1120,1317
1120,1318
1120,1319
1120,1320
1120,1321
1120,1322
1120,1323
1120,1324
1120,1325
1120,1326
1122,1144
1122,1287
1122,1477
1122,1478
1124,1567
1127,1179
1127,1182
1127,1565
1127,1740
1128,1163
1128,1208
1128,1293
1128,1295
1128,1296
1128,1297
1128,1425
1128,1544
1128,1638
1128,1654
1128,1711
113,114
113,125
1132,1294
1132,1306
1132,1477
1132,1479
1132,1480
1133,1134
1133,1135
1133,1136
1134,1135
1134,1136
1134,1138
1134,1636
1134,1637
1134,1646
1134,1647
1134,1702
1135,1163
1135,1604
1135,1654
1136,1163
1136,1210
1136,1315
1136,1424
1136,1425
1136,1707
1137,1138
1138,1428
114,115
114,116
114,117
114,118
114,119
114,120
114,121
114,122
114,123
114,124
114,126
114,134
114,1762
114,259
1141,1146
1141,1326
1141,1331
1141,1481
1141,1482
1143,1144
1144,1284
1144,1285
1144,1476
1146,1151
1146,1334
1146,1336
1146,1483
115,121
115,126
115,130
115,132
115,133
115,259
1151,1155
1151,1335
1151,1484
1155,1157
1155,1342
1155,1345
1155,1485
1157,1159
1157,1255
1157,1259
1157,1346
1157,1347
1157,1486
1159,1161
1159,1351
1159,1530
116,117
116,118
116,123
116,124
116,126
116,130
116,132
116,133
116,249
116,250
116,251
116,252
116,254
116,255
116,256
116,257
116,258
116,259
116,260
116,261
116,262
116,263
116,267
116,278
116,280
116,281
116,283
1161,1165
1161,1355
1161,1531
1163,1295
1163,1296
1163,1315
1163,1428
1163,1429
1163,1544
1163,1575
1163,1577
1163,1578
1163,1579
1163,1580
1163,1583
1163,1584
1163,1585
1163,1590
1163,1592
1163,1593
1163,1595
1163,1604
1163,1609
1163,1610
1163,1611
1163,1620
1163,1621
1163,1623
1163,1624
1163,1625
1163,1634
1163,1638
1163,1652
1163,1654
1163,1657
1163,1675
1163,1689
1163,1711
1163,1729
1165,1170
1165,1244
1165,1358
1165,1532
1168,1170
1168,1358
1168,1360
1168,1361
1169,1574
1169,1597
117,118
117,130
117,131
117,132
117,249
117,250
117,282
1170,1174
1170,1361
1170,1533
1174,1177
1174,1362
1174,1365
1174,1534
1177,1181
1177,1364
1177,1367
1177,1535
1179,1180
1179,1372
1179,1374
1179,1568
118,131
118,132
118,251
118,252
118,256
118,257
118,258
118,260
118,264
118,265
118,280
118,281
118,283
1180,1567
1180,1568
1181,1184
1181,1372
1181,1374
1181,1536
1184,1186
1184,1357
1184,1359
1184,1380
1184,1381
1184,1523
1184,1537
1186,1190
1186,1379
1186,1386
1186,1538
119,120
119,124
1190,1194
1190,1390
1190,1539
1194,1196
1194,1394
1194,1400
1194,1540
1196,1407
1196,1409
1196,1415
1196,1541
12,1100
12,26
12,62
12,943
120,122
1202,1203
1203,1599
1204,1295
1204,1415
1204,1417
1204,1543
1208,1210
1208,1297
1208,1638
1208,1711
1208,1719
1208,1720
1208,1721
1208,1722
1208,1723
1208,1724
1208,1725
1208,1726
1209,1210
1209,1606
1209,1607
1209,1611
1209,1620
1209,1712
1209,1717
121,122
121,1763
1210,1603
1210,1606
1210,1607
1210,1608
1210,1622
1210,1633
1210,1647
1210,1653
1210,1670
1210,1671
1210,1672
1210,1673
1210,1674
1210,1675
1210,1676
1210,1677
1210,1678
1210,1679
1210,1680
1210,1682
1210,1689
1210,1712
1210,1717
1214,1217
1214,1295
1214,1432
1214,1436
1214,1545
1217,1229
1217,1440
1217,1442
1217,1546
122,277
122,278
122,280
122,281
122,282
122,283
122,284
122,285
1221,1222
1221,1223
1221,1224
1222,1223
1222,1224
1222,1739
1223,1224
1223,1736
1223,1737
1223,1742
1224,1228
1224,1603
1224,1608
1224,1622
1224,1653
1224,1670
1224,1682
1224,1742
1225,1226
1226,1736
1226,1742
1227,1228
1227,1441
1228,1441
1228,1447
1228,1737
1228,1738
1228,1742
1229,1441
1229,1446
1229,1547
123,124
123,132
123,133
123,249
123,252
123,255
123,256
123,257
123,259
123,260
123,265
123,266
123,280
123,281
123,283
1233,1463
1233,1548
1237,1296
1237,1587
1237,1705
1239,1240
1239,1241
1239,1242
1239,1343
1239,1344
1239,1475
1239,1748
124,259
1240,1242
1240,1341
1240,1342
1240,1343
1240,1344
1241,1242
1241,1484
1241,1485
1242,1343
1242,1344
1242,1475
1242,1489
1242,1490
1242,1615
1242,1735
1242,1743
1242,1744
1242,1745
1242,1746
1243,1244
1244,1532
1244,1559
1245,1246
1245,1247
1245,1248
1245,1249
1245,1250
1245,1251
1245,1252
1245,1253
125,126
1254,1255
1254,1256
1254,1257
1254,1258
1254,1261
1254,1363
1254,1431
1254,1505
1255,1258
1255,1259
1256,1258
1256,1261
1256,1363
1256,1380
1256,1426
1256,1431
1256,1505
1257,1504
1258,1260
1258,1261
1259,1342
1259,1346
1259,1347
1259,1348
126,127
126,128
126,129
1260,1262
1261,1347
1261,1362
1261,1363
1261,1505
1264,1265
1265,1266
1265,1267
1265,1268
1265,1269
1265,1270
1265,1271
1265,1272
1265,1273
1268,1269
1268,1507
1268,1508
1268,1509
1269,1463
1269,1508
127,130
1274,1364
1274,1379
1274,1444
1274,1597
1274,1730
128,129
128,134
128,1757
128,1758
128,1759
128,1760
128,1764
128,1766
128,1767
128,258
128,266
1283,1284
1284,1285
1284,1286
1285,1306
1285,1509
1286,1287
1287,1288
1287,1289
1287,1290
1287,1291
1287,1292
129,134
129,1755
129,1756
129,1757
129,1758
129,1759
129,1760
129,1764
1293,1294
1293,1295
1293,1296
1293,1297
1293,1298
1294,1299
1294,1300
1294,1301
1294,1302
1294,1303
1294,1304
1294,1305
1294,1306
1294,1307
1294,1308
1294,1309
1295,1296
1295,1298
1295,1310
1295,1312
1295,1315
1295,1356
1295,1421
1295,1422
1295,1430
1295,1544
1296,1297
1296,1298
1296,1310
1296,1312
1296,1315
1296,1356
1296,1421
1296,1422
1296,1423
1296,1425
1296,1426
1296,1429
1296,1430
1297,1298
1297,1310
1297,1312
1297,1315
1297,1356
1297,1421
1297,1422
1297,1430
1297,1575
1297,1576
1297,1577
1297,1579
1297,1580
1297,1581
1297,1583
1297,1585
1297,1586
1297,1587
1297,1590
1297,1593
1297,1594
1297,1595
1297,1596
1297,1638
1297,1683
1298,1312
13,1103
13,1105
13,1106
13,1107
13,1108
13,27
13,30
13,39
13,62
130,131
1306,1510
1306,1511
1306,1512
1306,1513
1306,1514
1306,1515
1309,1310
131,132
131,250
131,253
131,277
131,282
1310,1311
1310,1312
1311,1313
1312,1315
1312,1356
1312,1421
1312,1422
1313,1314
1313,1315
1315,1356
1315,1407
1315,1421
1315,1427
1315,1428
1315,1544
1315,1575
1315,1576
1315,1577
1315,1578
1315,1579
1315,1580
1315,1581
1315,1582
1315,1583
1315,1584
1315,1585
1315,1586
1315,1587
1315,1588
1315,1589
1315,1590
1315,1591
1315,1592
1315,1593
1315,1594
1315,1595
1315,1596
1315,1607
1315,1628
1315,1648
1315,1656
1315,1683
1315,1700
1315,1701
1315,1706
1315,1727
1315,1728
1315,1729
1317,1331
1317,1522
132,255
132,259
132,260
132,280
132,281
1325,1326
1326,1327
1326,1328
1326,1329
1326,1330
1326,1331
1326,1332
1326,1333
133,249
133,252
133,264
133,265
133,268
133,271
133,272
133,273
133,274
133,285
1331,1336
1333,1334
1334,1335
1334,1336
1335,1337
1335,1338
1335,1339
1335,1340
1335,1341
1336,1343
134,1752
134,1754
134,1755
134,1756
134,1757
134,1758
134,1759
134,1760
134,1761
134,1762
134,1763
134,1764
134,1765
134,1768
1342,1345
1343,1345
1343,1472
1343,1479
1343,1487
1343,1489
1343,1490
1344,1550
1344,1555
1344,1556
1344,1557
1344,1558
1345,1523
1346,1348
1346,1349
1346,1350
1347,1360
135,136
1350,1351
1351,1352
1351,1353
1351,1354
1354,1355
1355,1356
1356,1357
1357,1358
1357,1359
1359,1378
1359,1379
1359,1380
1359,1381
1359,1523
1361,1363
1361,1523
1362,1364
1362,1365
1363,1365
1363,1505
1364,1366
1364,1367
1364,1368
1364,1369
1364,1370
1364,1371
1365,1367
137,138
137,143
137,163
1371,1372
1372,1373
1372,1374
1372,1375
1372,1376
1372,1377
1372,1378
1374,1381
1379,1382
1379,1383
1379,1384
1379,1385
1379,1386
1379,1387
1379,1388
1379,1389
138,139
138,140
138,141
138,142
138,143
138,144
138,145
138,146
138,147
138,148
138,149
138,163
1380,1432
1381,1386
1381,1523
1386,1524
1389,1390
139,148
1390,1391
1391,1392
1391,1393
1391,1394
1391,1395
1391,1396
1391,1400
1394,1396
1394,1397
1394,1398
1394,1399
1394,1400
1394,1401
1394,1402
1394,1403
1394,1404
1394,1405
1394,1406
14,1105
14,1109
14,1120
14,1265
14,1268
14,1294
14,1306
14,1364
14,1367
14,1391
14,1407
14,39
14,54
14,59
14,60
14,62
14,939
14,940
14,943
14,949
14,950
140,145
140,163
1400,1409
1400,1524
1406,1407
1407,1408
1407,1409
1407,1410
1407,1411
1407,1412
1407,1413
1409,1525
141,142
141,143
141,152
141,159
141,160
1413,1414
1414,1415
1414,1416
1415,1542
1416,1417
1417,1418
1417,1419
1417,1420
142,143
142,152
142,157
142,159
142,160
142,163
142,164
142,165
142,166
142,167
142,783
1420,1421
1422,1489
1422,1525
1423,1424
1423,1425
1424,1425
1424,1636
1424,1638
1425,1577
1425,1635
1425,1638
1425,1707
1426,1427
1426,1428
1426,1429
1427,1428
1427,1429
1427,1587
1427,1706
1428,1429
1428,1648
1429,1657
1429,1659
1429,1660
143,145
143,146
143,147
143,148
143,149
1430,1653
1431,1436
1431,1489
1432,1433
1432,1434
1432,1435
1432,1436
1432,1437
1432,1438
1432,1439
1436,1526
1436,1527
1436,1528
1439,1440
144,146
144,149
144,150
144,151
1440,1441
1440,1442
1441,1443
1441,1444
1441,1445
1441,1446
1441,1447
1441,1448
1441,1449
1441,1450
1441,1451
1441,1452
1441,1453
1441,1454
1441,1455
1441,1456
1441,1457
1441,1458
1441,1459
1441,1460
1441,1461
1441,1462
1442,1446
1442,1528
1446,1490
1447,1736
1447,1737
1447,1738
1447,1739
145,162
146,151
146,152
146,159
146,161
146,167
1462,1463
147,151
147,152
147,163
1471,1473
1472,1487
1472,1489
1472,1490
1473,1474
1474,1476
1475,1746
1475,1747
1475,1748
1476,1478
1478,1480
1479,1487
1479,1489
1480,1482
1482,1483
1483,1484
1485,1486
1486,1530
1487,1488
1487,1489
1487,1490
1488,1491
1488,1492
1488,1493
1488,1494
1488,1495
1488,1496
1488,1497
1488,1498
1488,1499
1488,1500
1488,1501
1488,1502
1488,1503
1488,1504
1489,1490
15,1109
15,1110
15,37
15,53
15,62
15,939
15,940
15,943
15,949
15,950
15,956
150,151
1515,1516
1516,1517
1516,1518
1516,1519
1516,1520
1516,1521
1516,1522
152,156
152,159
153,154
153,155
153,156
1530,1531
1531,1532
1532,1533
1533,1534
1534,1535
1535,1536
1536,1537
1537,1538
1538,1539
1539,1540
154,155
1540,1541
1541,1542
1542,1543
1543,1544
1544,1545
1545,1546
1546,1547
1547,1548
1549,1550
1549,1556
155,157
1550,1553
1550,1554
1550,1558
1553,1554
1554,1555
1554,1556
1554,1557
1555,1556
1556,1557
1556,1558
156,170
156,171
1560,1561
1561,1562
1565,1566
1567,1747
1569,1570
1569,1576
1569,1577
1569,1581
1569,1591
1569,1594
157,158
1571,1572
1571,1573
1572,1573
1575,1623
1575,1627
1575,1628
1575,1629
1576,1577
1576,1579
1576,1588
1576,1607
1576,1661
1577,1579
1577,1581
1577,1588
1577,1590
1577,1591
1577,1594
1577,1595
1577,1596
1577,1727
1577,1728
1578,1579
1578,1582
1578,1589
1578,1635
1579,1581
1579,1588
1579,1590
1579,1591
1579,1594
1579,1595
1579,1596
1579,1636
1579,1727
1579,1728
158,164
158,174
158,176
1580,1581
1580,1592
1580,1593
1580,1626
1580,1655
1581,1590
1581,1591
1581,1656
1582,1664
1582,1665
1583,1586
1583,1587
1583,1590
1583,1610
1583,1613
1583,1655
1583,1657
1583,1658
1584,1585
1584,1637
1584,1660
1585,1586
1585,1607
1585,1624
1586,1587
1586,1588
1586,1591
1586,1607
1586,1658
1587,1590
1587,1658
1588,1625
1589,1625
1589,1691
1590,1591
1590,1592
1590,1655
1590,1658
1590,1702
1590,1708
1590,1709
1591,1607
1591,1655
1591,1691
1592,1593
1592,1621
1592,1655
1593,1612
1593,1613
1593,1621
1593,1655
1594,1655
1594,1727
1594,1728
1595,1596
1595,1613
1595,1655
16,1053
16,1110
16,1111
16,31
16,62
16,939
16,940
16,943
16,949
16,950
160,161
1603,1604
1604,1605
1604,1608
1604,1609
1604,1612
1604,1613
1604,1614
1604,1619
1604,1620
1604,1621
1604,1622
1604,1652
1605,1606
1605,1607
1606,1607
1606,1620
1606,1716
1606,1717
1606,1718
1607,1652
1607,1661
1607,1700
1607,1701
1609,1610
1609,1611
1609,1612
1609,1613
161,162
1610,1612
1610,1613
1610,1656
1611,1612
1611,1613
1611,1633
1612,1710
1613,1633
1613,1710
1613,1729
1614,1615
1614,1616
1614,1617
1614,1618
1615,1616
1615,1617
1615,1618
1615,1619
1615,1649
1615,1749
1616,1617
1616,1618
1616,1749
1616,1751
1617,1618
1617,1619
1617,1649
1618,1619
1618,1649
1620,1648
1620,1649
1620,1650
1620,1651
1620,1652
1620,1653
1621,1673
1622,1623
1623,1624
1623,1625
1623,1626
1624,1652
1624,1691
1629,1647
1629,1706
1633,1697
1635,1690
1635,1697
1636,1637
1637,1702
1638,1639
1638,1640
1638,1641
1638,1642
1638,1643
1638,1644
1638,1645
1638,1646
1638,1711
164,166
164,167
164,168
164,169
165,450
165,768
165,782
165,785
165,786
165,787
165,788
1652,1669
1652,1670
1652,1675
1652,1681
1652,1682
1652,1684
1652,1685
1655,1657
1655,1658
1655,1729
1658,1726
166,168
166,179
1661,1662
1662,1663
1663,1664
1665,1666
1666,1667
1666,1668
1666,1669
167,168
167,169
168,169
168,170
1687,1688
1688,1696
1688,1697
1688,1698
1689,1690
1690,1693
1690,1694
1690,1696
1690,1697
1690,1698
1692,1693
1692,1694
1692,1695
1692,1696
1693,1695
1693,1696
1694,1695
1694,1696
1694,1697
1694,1699
1695,1696
1695,1697
1695,1698
1695,1699
1696,1697
1696,1699
1697,1698
1697,1699
17,1107
17,1111
17,1112
17,1113
17,1260
17,20
17,62
17,949
17,999
1702,1707
1708,1709
1708,1712
1708,1728
171,172
1712,1713
1712,1714
1712,1715
1712,1716
172,173
173,174
1730,1731
1730,1732
1730,1733
1736,1737
1736,1738
174,175
1747,1748
1749,1750
175,176
175,177
1752,1753
1752,1754
1752,1755
1753,1754
1754,1755
1756,1757
1756,1759
1757,1759
1758,1761
1758,1764
1759,1760
1759,1761
1760,1761
1760,1762
1760,1764
1760,1766
1761,1764
1761,1767
1763,1765
1763,1768
1764,1765
1765,1766
1769,1770
1770,1771
1774,1775
1774,1776
1775,1776
1775,1777
1776,1777
1776,1778
1776,1779
1776,1845
1776,1846
1776,1847
1776,1851
1778,1780
1778,1781
1778,1782
1778,1783
1778,1784
1778,1785
1778,1786
1778,1787
1778,1788
1778,1789
1778,1790
1778,1798
1778,1807
1778,1818
1778,1845
1778,1846
1778,1847
1778,1851
1779,1791
1779,1794
1779,1831
1779,1835
1779,1841
1779,1842
1779,1845
1779,1846
1779,1847
1779,1850
1779,1851
1779,1855
1779,1856
1779,1857
1779,1858
1779,1859
1779,1860
1779,1861
1779,1862
1779,1863
1779,1876
1780,1781
1782,1783
1782,1784
1782,1785
1782,1786
1782,1788
1782,1789
1782,1799
1782,1805
1782,1806
1782,1807
1782,1808
1782,1809
1782,1814
1782,1815
1782,1816
1782,1817
1782,1818
1783,1786
1783,1789
1783,1799
1783,1802
1783,1805
1783,1806
1783,1808
1783,1809
1783,1814
1783,1815
1783,1816
1784,1785
1784,1786
1784,1800
1784,1807
1784,1811
1784,1813
1784,1818
1784,1819
1784,1821
1785,1786
1785,1807
1785,1818
1785,1821
1786,1791
1786,1800
1786,1802
1786,1805
1786,1806
1786,1807
1786,1808
1786,1809
1786,1810
1786,1811
1786,1812
1786,1813
1787,1788
1787,1789
1787,1790
1787,1798
1787,1799
1787,1800
1787,1801
1788,1789
1788,1798
1788,1799
1788,1800
1788,1818
1788,1824
1788,1825
1789,1790
1789,1798
1789,1826
1790,1798
1790,1826
1790,1827
1791,1792
1791,1793
1791,1794
1792,1793
1792,1794
1792,1796
1792,1839
1792,1847
1792,1865
1792,1868
1792,1869
1792,1874
1792,1966
1792,1999
1792,2004
1792,2007
1792,2009
1792,2013
1792,2018
1792,2038
1792,2076
1793,1794
1793,1804
1793,1815
1793,1816
1793,1839
1793,1846
1793,1851
1793,1854
1793,1875
1793,1972
1793,1998
1793,2003
1793,2004
1793,2005
1793,2010
1793,2012
1793,2016
1793,2017
1793,2018
1793,2019
1793,2021
1793,2038
1793,2039
1793,2040
1793,2050
1793,2054
1793,2063
1793,2068
1793,2076
1794,1795
1794,1796
1794,1797
1795,1798
1796,1847
1796,1966
1796,2002
1796,2005
1796,2018
1797,1833
1797,1941
1797,1945
1797,2024
1798,1799
1798,1800
1799,1800
1799,1803
1799,1806
1799,1822
1799,1828
18,1001
18,1005
18,1014
18,1048
18,1062
18,1112
18,1114
18,1115
18,1116
18,1265
18,1474
18,1508
18,59
18,62
18,940
18,949
18,953
18,956
18,961
18,963
18,997
180,181
180,182
1800,1805
1800,1820
1800,1822
1800,1839
1800,1847
1801,1802
1801,1803
1802,1804
1803,1827
1804,1811
1804,1838
1804,1840
1804,1843
1804,1853
1804,1864
1804,1935
1804,1938
1804,1939
1804,1947
1804,1950
1804,1959
1804,1962
1804,1963
1804,1967
1804,1970
1804,1975
1804,1976
1804,1980
1804,1986
1804,1993
1804,1995
1804,2040
1804,2046
1804,2048
1804,2051
1804,2063
1804,2068
1804,2077
1804,2078
1804,2079
1804,2080
1804,2082
1804,2083
1806,1814
1806,1828
1807,1809
1807,1818
1808,1809
1808,1823
1809,1814
1809,1816
181,182
181,183
1810,1811
1810,1815
1810,1824
1811,1812
1811,1831
1811,1839
1811,1846
1811,1847
1811,1851
1811,1866
1812,1827
1812,1831
1812,1834
1812,1837
1812,1839
1812,1847
1812,1851
1812,1856
1812,1864
1812,1865
1812,1874
1812,1875
1812,2040
1812,2050
1812,2051
1812,2068
1813,1817
1813,1819
1813,1820
1814,1815
1814,1816
1818,1822
182,183
182,186
182,187
182,188
182,191
182,193
182,195
182,196
182,197
182,202
182,203
1820,1825
1822,1823
1824,1825
1829,1830
1829,1845
1829,1847
183,184
1830,1846
1830,1851
1831,1832
1831,1833
1831,1834
1831,1835
1831,1836
1831,1837
1832,1834
1832,1838
1832,1839
1833,1845
1833,1846
1833,1847
1833,1851
1833,1941
1833,1944
1833,1945
1833,2018
1833,2021
1833,2022
1834,1835
1834,1836
1834,1837
1834,1839
1834,1845
1834,1846
1834,1847
1834,1851
1834,1856
1834,1864
1834,1866
1834,1867
1834,1872
1834,1874
1834,1875
1835,1846
1835,1851
1835,1871
1836,1845
1836,1847
1836,1864
1837,1842
1837,1845
1837,1846
1837,1847
1837,1851
1837,1856
1837,1865
1838,1840
1838,1841
1838,1842
1838,1843
1839,1844
1839,1847
1839,1851
184,185
184,186
1840,1841
1840,1842
1840,1843
1840,1844
1841,1842
1841,1851
1841,1857
1841,1859
1841,1861
1842,1847
1842,1857
1842,1862
1843,1848
1843,1849
1843,1853
1843,1940
1843,1980
1843,1993
1843,1995
1843,2078
1845,1846
1845,1847
1845,1848
1845,1849
1846,1850
1846,1851
1846,1852
1846,1853
1846,1854
1847,1848
1847,1849
1847,1850
1847,1851
1847,1856
1847,1868
1847,1869
1847,1870
1847,1875
1848,1852
1848,1975
1848,1977
1848,1980
1848,1986
1848,1988
1848,1991
1848,1997
1848,1998
1848,1999
1848,2009
1849,1853
1849,1991
1849,1999
1849,2009
185,186
1850,1851
1850,1855
1850,1856
1850,1857
1850,1858
1851,1852
1851,1853
1851,1856
1851,1872
1851,1873
1851,1874
1852,1975
1852,1991
1852,1993
1852,1994
1852,1998
1852,2016
1853,1975
1853,1978
1853,1990
1853,1991
1853,1992
1853,1995
1853,1996
1853,1998
1853,2016
1854,1868
1854,1875
1854,2004
1854,2010
1854,2012
1854,2018
1854,2021
1855,1856
1855,1857
1855,1858
1855,1859
1855,1860
1855,1861
1856,1857
1856,1858
1856,1859
1856,1860
1856,1861
1856,1862
1856,1863
1856,1867
1856,1876
1857,1858
1857,1859
1857,1860
1857,1861
1857,1862
1857,1863
1857,1871
1857,1872
1857,1876
1858,1859
1858,1860
1858,1862
1858,1863
1858,1867
1858,1876
1859,1860
1859,1862
186,188
186,191
186,193
186,194
186,195
186,196
186,199
186,202
186,207
1860,1862
1860,1863
1861,1870
1865,1871
1868,1874
1868,2018
1869,2017
1869,2018
187,188
187,189
1872,1873
1874,1875
1875,1876
1877,1878
1877,1879
1877,1880
1877,1881
1877,1882
1877,1883
1877,1884
1878,1882
1878,1884
1878,1885
1878,1886
1878,1887
1878,1893
1878,1896
1878,1906
1878,1913
1879,1880
1879,1882
1879,1895
1879,1896
1879,1918
1879,1919
1879,1921
188,190
188,191
1880,1895
1880,1896
1880,1897
1880,1898
1880,1913
1881,1895
1881,1896
1881,1913
1881,1915
1881,1916
1881,1918
1881,1922
1882,1883
1882,1890
1882,1895
1882,1896
1882,1903
1882,1906
1882,1913
1882,1918
1882,1920
1882,1923
1882,1924
1882,1925
1882,1928
1883,1890
1883,1895
1883,1904
1883,1920
1883,1928
1883,1929
1884,1888
1884,1890
1884,1891
1884,1892
1884,1900
1884,1902
1884,1906
1884,1930
1884,1932
1884,1933
1885,1893
1885,1904
1885,1909
1886,1893
1886,1909
1887,1888
1887,1890
1887,1893
1887,1894
1887,1906
1887,1910
1887,1913
1888,1889
1888,1890
1888,1891
1888,1892
1888,1893
1889,1894
1889,1895
1889,1896
1889,1903
189,191
189,214
1890,1891
1890,1892
1890,1893
1890,1895
1890,1899
1890,1900
1890,1901
1890,1902
1890,1906
1890,1910
1891,1892
1891,1896
1891,1899
1891,1900
1892,1896
1892,1900
1892,1901
1893,1896
1893,1903
1893,1910
1895,1896
1895,1897
1895,1900
1895,1902
1895,1903
1895,1905
1895,1906
1895,1907
1895,1908
1895,1911
1895,1912
1895,1913
1895,1915
1895,1917
1895,1918
1895,1924
1895,1929
1895,1931
1896,1897
1896,1898
1896,1899
1896,1900
1896,1901
1896,1902
1896,1903
1896,1904
1896,1909
1896,1913
1896,1914
1896,1915
1896,1916
1896,1917
1896,1918
1896,1920
1896,1929
1897,1913
1898,1919
1898,1921
1899,1900
1899,1901
1899,1913
19,1010
19,1012
19,1118
19,1121
19,1122
19,1143
19,1287
19,25
19,27
19,32
19,62
19,949
190,192
190,193
190,194
190,195
190,204
190,205
190,206
1900,1901
1900,1902
1900,1904
1900,1914
1900,1917
1900,1918
1900,1929
1900,1930
1900,1931
1901,1913
1901,1931
1902,1903
1902,1904
1903,1904
1903,1905
1903,1906
1903,1907
1903,1908
1903,1909
1903,1911
1903,1912
1904,1930
1905,1907
1906,1907
1906,1908
1906,1910
1906,1911
1907,1908
191,199
191,214
191,215
191,216
1913,1914
1913,1915
1913,1918
1913,1929
1914,1931
1915,1917
1915,1929
1916,1920
1916,1922
1917,1918
1919,1920
192,196
1920,1921
1920,1923
1920,1924
1920,1925
1921,1922
1923,1925
1923,1926
1924,1927
1925,1926
1926,1927
193,194
193,195
193,199
193,204
1930,1932
1932,1933
1934,1935
1934,1937
1935,1936
1935,1938
1936,1937
1936,1938
1937,1938
1937,1939
1938,1939
194,195
194,199
194,205
194,206
1941,1942
1941,1943
1942,1943
1942,1945
1943,1944
1943,1945
1944,1945
1946,1947
1946,1948
1946,1956
1946,1957
1947,1948
1947,1949
1947,1950
1947,1951
1947,1952
1947,1953
1947,1962
1947,1967
1948,1950
1948,1953
1948,1954
1948,1956
1948,1958
1948,1959
1948,1961
1948,1962
1948,1963
1948,1964
1948,1966
1948,1967
1948,1968
1948,1969
1948,1971
1948,1972
1949,1950
1949,1953
1949,1954
195,196
195,199
195,207
195,216
195,217
1950,1951
1950,1952
1950,1953
1950,1956
1950,1959
1950,1960
1950,1961
1950,1962
1950,1963
1950,1964
1950,1966
1950,1967
1950,1970
1950,1971
1951,1953
1951,1962
1951,1963
1952,1953
1952,1957
1952,1959
1952,1961
1952,1962
1952,1963
1952,1967
1952,1971
1953,1958
1953,1959
1953,1960
1953,1961
1953,1962
1953,1963
1953,1964
1953,1965
1953,1966
1953,1972
1954,1955
1954,1956
1954,1957
1954,1958
1954,2033
1955,1957
1956,1957
1956,1959
1956,1963
1956,1964
1956,1966
1956,1968
1956,1972
1956,2040
1956,2051
1956,2054
1956,2068
1958,1966
1958,1967
1959,1960
1959,1961
1959,1962
1959,1966
196,197
196,198
196,199
196,200
196,201
1960,1962
1960,1967
1960,1968
1961,1963
1961,1967
1961,1971
1961,1972
1962,1967
1962,2055
1963,1964
1964,1967
1965,1972
1967,1971
1967,2033
1968,1969
1969,1970
197,198
197,200
197,226
197,227
197,228
197,229
197,230
197,231
197,232
197,233
197,234
1973,1974
1973,1975
1973,1998
1974,1990
1974,1993
1974,1998
1974,1999
1975,1976
1975,1977
1975,1978
1975,1979
1975,1980
1975,1981
1975,1982
1975,1983
1975,1984
1975,1985
1975,1986
1975,1987
1975,1988
1975,1989
1975,1990
1975,1991
1975,1994
1975,1995
1975,1996
1975,1997
1976,1977
1976,1978
1976,1979
1976,1980
1976,1993
1977,1978
1977,1981
1977,1993
1978,1979
1978,1980
1978,1981
1978,1982
1978,1983
1978,1984
1978,1985
1978,1986
1978,1987
1978,1988
1978,1989
1978,1991
1978,1995
1978,2001
1979,1980
1979,1984
1979,1987
1979,1993
198,201
198,227
198,228
198,230
198,231
198,234
1980,1989
1980,1993
1981,1982
1981,1993
1982,1983
1982,1984
1982,1985
1982,1993
1983,1986
1983,1993
1984,1988
1985,1986
1985,1987
1985,1993
1986,1993
1987,1993
1988,1989
1988,1993
1989,1993
199,224
1990,1991
1990,1992
1990,1993
1990,1995
1990,2000
1991,1994
1991,1995
1991,1996
1991,1997
1991,1998
1991,1999
1991,2000
1991,2001
1991,2016
1992,1993
1992,1998
1993,1996
1994,1995
1995,1996
1996,1997
1996,1998
1998,1999
1998,2000
1998,2001
1999,2000
2,1260
2,17
2,33
2,943
2,949
2,998
2,999
20,1106
20,1107
20,1108
20,1121
20,1123
20,1124
20,22
20,27
20,30
20,32
20,39
20,61
20,62
200,201
200,202
200,220
200,222
2000,2001
2002,2003
2002,2004
2003,2008
2003,2014
2003,2015
2004,2006
2004,2007
2004,2008
2004,2009
2004,2012
2004,2013
2004,2014
2004,2015
2004,2016
2004,2019
2005,2012
2005,2018
2005,2021
2006,2007
2006,2008
2006,2012
2008,2012
2008,2015
2008,2019
2009,2016
2009,2018
201,202
201,203
201,220
201,222
2010,2011
2010,2012
2010,2013
2010,2014
2010,2015
2011,2013
2011,2014
2012,2014
2012,2015
2012,2017
2012,2019
2012,2020
2014,2015
2016,2018
2016,2021
2017,2018
2017,2021
2018,2021
2018,2022
2018,2024
2019,2020
202,203
202,207
202,220
202,221
202,223
202,224
2021,2022
2021,2023
2022,2024
2023,2024
2025,2026
2025,2027
2025,2028
2025,2061
2026,2029
2026,2030
2026,2037
2027,2028
2027,2060
2027,2061
2028,2038
2028,2042
2028,2061
2029,2031
2029,2032
2029,2033
2029,2034
2029,2035
2029,2036
2029,2039
2029,2048
2029,2071
203,220
203,222
203,223
203,224
2030,2035
2030,2037
2030,2059
2030,2062
2031,2035
2031,2036
2031,2037
2031,2038
2032,2053
2033,2039
2033,2055
2033,2067
2034,2043
2034,2044
2034,2045
2034,2046
2034,2047
2035,2037
2035,2038
2035,2039
2035,2040
2035,2041
2035,2047
2035,2050
2035,2053
2035,2054
2035,2055
2035,2063
2035,2067
2035,2068
2035,2071
2035,2076
2035,2077
2036,2037
2036,2039
2037,2039
2037,2040
2037,2068
2038,2039
2038,2040
2038,2041
2038,2063
2038,2068
2038,2071
2038,2076
2039,2063
2039,2072
204,206
204,218
204,219
2040,2041
2040,2043
2040,2062
2040,2063
2040,2064
2040,2068
2041,2059
2041,2060
2041,2061
2041,2063
2041,2067
2041,2068
2041,2072
2042,2050
2043,2045
2043,2048
2043,2068
2044,2049
2044,2051
2044,2052
2044,2054
2044,2071
2045,2049
2046,2051
2047,2050
2047,2053
2047,2054
2047,2055
2048,2052
2049,2050
2054,2056
2054,2057
2054,2073
2056,2058
2057,2064
2057,2065
2058,2059
2058,2060
2059,2061
206,218
206,219
2060,2066
2060,2068
2061,2066
2063,2068
2065,2069
2065,2070
2066,2067
2069,2070
207,220
207,222
207,223
207,224
2070,2071
2072,2073
2073,2074
2074,2075
2078,2079
2078,2080
2078,2081
2078,2082
2078,2083
2078,2084
2078,2087
2079,2083
2079,2085
2080,2082
2080,2083
2080,2087
2081,2083
2081,2085
2081,2087
2081,2088
2082,2083
2082,2084
2082,2087
2082,2088
2083,2085
2084,2086
2084,2088
2085,2086
2085,2088
2086,2087
2087,2088
21,1041
21,1043
21,1123
21,1125
21,1126
21,1127
21,1128
21,1129
21,1208
21,1684
21,1685
21,1686
21,1725
21,49
21,50
21,52
21,62
21,949
21,953
21,989
214,217
215,216
216,217
216,223
22,1086
22,1088
22,1089
22,1107
22,1130
22,1131
22,1132
22,1294
22,1306
22,1480
22,62
22,943
22,949
22,953
22,960
220,221
220,222
220,223
220,224
221,222
221,225
222,223
222,224
223,224
226,227
226,228
227,228
227,229
227,230
228,229
228,230
228,231
228,232
228,233
228,234
229,231
23,1039
23,1127
23,1131
23,1133
23,1134
23,1137
23,1138
23,1189
23,1637
23,1647
23,44
23,50
23,51
23,940
23,949
23,950
230,231
230,233
230,234
231,232
233,234
235,236
236,237
237,245
238,239
238,243
239,240
239,241
239,242
24,1106
24,1107
24,1108
24,1124
24,1137
24,1139
24,1432
24,27
24,30
24,39
24,62
242,243
243,244
245,246
246,247
247,248
249,252
249,267
249,268
249,269
249,270
249,275
249,284
25,1010
25,1012
25,1046
25,1047
25,1103
25,1106
25,1120
25,1124
25,1139
25,1140
25,1141
25,1143
25,1284
25,1317
25,1326
25,1331
25,27
25,30
25,32
25,39
25,62
25,943
25,949
25,989
250,251
250,252
250,253
250,277
250,282
251,257
251,260
251,263
251,280
251,281
251,282
251,283
252,256
252,261
252,262
252,264
252,265
252,267
252,268
252,269
252,270
252,271
252,272
252,273
252,274
252,275
252,276
252,279
252,282
252,284
252,285
253,256
253,263
254,257
254,280
255,257
255,259
255,260
255,266
255,280
255,281
255,283
256,257
256,267
256,280
256,281
256,283
257,263
257,278
257,280
257,281
257,283
258,1757
258,1758
258,259
259,266
26,1016
26,1142
26,1145
26,1146
26,1264
26,1334
26,1336
26,1512
26,1514
26,1599
26,62
26,943
26,949
26,950
260,279
260,280
261,262
261,264
262,265
263,278
264,265
264,267
264,270
264,275
264,284
265,271
265,273
265,275
265,284
265,285
266,1757
266,1758
267,269
267,271
267,275
267,284
268,269
268,275
268,284
269,270
269,271
269,272
269,273
27,1106
27,1145
27,1147
27,39
27,58
27,62
27,949
270,275
270,284
271,272
271,275
271,284
272,275
272,284
272,285
273,285
274,275
274,276
274,284
275,276
275,279
275,284
275,285
276,279
28,1014
28,1015
28,1018
28,1020
28,1028
28,1049
28,1107
28,1127
28,1147
28,1148
28,1149
28,1150
28,1151
28,1265
28,1269
28,1294
28,1304
28,1335
28,1484
28,1514
28,1515
28,57
28,59
28,62
28,949
28,953
28,954
28,959
28,962
286,287
286,290
286,299
286,312
286,327
286,337
286,352
286,391
287,288
287,289
287,337
287,391
288,289
288,290
288,291
289,291
289,337
289,338
289,355
289,373
289,380
289,381
289,382
289,385
289,391
289,394
289,397
289,408
289,409
289,410
289,411
289,412
289,461
29,1008
29,1053
29,1058
29,1120
29,1150
29,1152
29,1153
29,1317
29,1346
29,1349
29,30
29,31
29,35
29,42
29,62
29,939
29,940
29,949
29,950
29,951
29,953
290,292
290,299
290,312
290,327
290,337
290,352
290,462
290,463
290,465
291,299
291,337
291,338
291,352
291,353
291,355
291,381
291,394
291,411
291,412
291,447
291,448
292,293
292,294
292,295
292,299
292,312
292,327
292,337
292,352
292,462
292,463
292,465
293,296
293,297
293,298
293,299
293,300
293,301
293,302
293,420
294,295
294,339
294,340
294,341
294,342
294,343
294,344
294,345
294,346
294,347
294,351
294,357
294,366
294,367
294,385
294,423
294,424
294,425
294,426
294,427
294,433
294,434
294,435
294,436
294,437
295,298
295,299
295,341
295,342
295,343
295,344
295,351
295,357
295,366
295,385
295,392
296,297
296,301
296,384
296,422
297,298
297,299
297,300
297,301
297,302
297,420
297,422
298,299
298,311
298,312
298,313
298,337
298,352
298,354
298,356
298,357
298,361
298,364
298,368
298,369
298,370
298,371
298,372
298,373
298,374
298,376
298,377
298,380
298,381
298,383
298,384
298,393
298,395
298,396
298,397
298,398
298,408
298,409
298,412
298,422
298,428
298,432
298,438
298,444
298,455
298,462
298,463
298,465
299,305
299,309
299,312
299,313
299,320
299,337
299,339
299,340
299,341
299,342
299,343
299,344
299,351
299,352
299,360
299,361
299,364
299,367
299,368
299,371
299,372
299,373
299,374
299,375
299,377
299,378
299,379
299,380
299,381
299,382
299,383
299,384
299,385
299,421
299,422
299,452
299,455
299,457
299,464
3,1245
3,14
3,60
3,939
3,949
3,950
3,989
30,1008
30,1027
30,1053
30,1054
30,1120
30,1153
30,1154
30,1155
30,1324
30,1342
30,31
30,35
30,39
30,62
30,949
300,301
300,303
300,384
300,422
301,384
301,422
302,341
302,344
302,384
302,422
303,304
303,305
304,306
304,307
304,308
304,309
304,310
304,311
304,312
304,313
304,314
304,315
304,316
304,317
304,318
304,319
304,320
304,321
304,322
304,323
304,324
304,325
304,326
304,328
304,329
304,330
304,331
304,332
304,333
304,334
304,335
304,404
305,337
305,352
305,358
305,359
305,360
305,361
305,365
306,321
306,322
306,323
306,324
306,325
306,326
307,320
307,339
307,389
307,390
308,320
308,327
308,342
309,310
309,312
309,313
309,322
309,327
309,328
309,329
309,330
309,331
309,333
309,335
309,337
309,352
309,355
309,407
309,462
309,463
309,465
31,1008
31,1050
31,1052
31,1053
31,1054
31,1056
31,1057
31,1154
31,1156
31,1157
31,1255
31,1259
31,1347
31,35
31,38
31,62
31,939
31,940
31,943
31,949
31,950
31,951
31,953
310,312
310,313
310,315
310,319
310,321
310,322
310,323
310,328
310,329
310,344
310,357
310,407
310,416
311,313
311,318
311,345
311,351
311,352
311,353
311,354
311,355
311,356
312,313
312,327
312,328
312,329
312,331
312,332
312,338
312,339
312,340
312,341
312,342
312,364
312,385
312,422
313,314
313,318
313,327
313,331
313,332
313,338
313,342
313,346
313,350
313,354
313,355
313,356
313,385
313,388
313,399
313,400
313,401
313,402
313,403
313,404
313,405
313,406
313,407
314,315
314,316
314,317
314,346
314,356
314,400
314,401
314,402
314,417
314,419
315,322
315,329
315,346
315,407
315,416
315,417
315,418
316,322
316,329
316,331
316,407
316,417
316,419
317,322
317,329
317,332
317,346
317,417
317,418
317,419
318,356
318,399
318,400
318,402
318,403
318,404
318,405
318,406
318,413
319,320
319,323
319,324
319,325
319,326
319,328
319,330
319,331
319,333
319,336
319,337
319,339
32,1156
32,1158
32,1159
32,1351
32,1530
32,1561
32,61
32,62
32,943
32,949
320,323
320,324
320,325
320,326
320,333
320,336
320,337
320,345
320,350
320,352
320,366
320,391
320,392
321,322
321,323
321,324
321,326
321,328
321,331
322,323
322,324
322,325
322,326
322,327
322,328
322,329
322,330
322,331
322,332
322,333
322,334
322,335
323,324
323,329
323,333
323,336
323,344
324,328
324,329
324,332
324,333
325,326
325,329
325,330
325,333
325,337
325,391
326,329
326,331
326,332
326,333
326,337
327,336
327,337
327,338
327,339
327,340
327,341
328,329
328,332
328,334
328,339
328,407
328,418
329,330
329,331
329,332
329,334
329,339
33,1158
33,1160
33,1161
33,1188
33,1189
33,1191
33,1192
33,1294
33,1306
33,1355
33,37
33,62
33,949
330,331
330,335
330,337
330,338
330,355
330,369
330,370
330,371
330,373
330,376
330,377
330,381
330,394
330,407
331,332
331,407
331,419
332,368
332,417
332,418
332,419
333,339
333,391
334,407
334,417
334,418
335,407
335,416
335,418
335,419
336,337
336,339
336,343
336,355
336,389
336,391
336,392
337,339
337,340
337,341
337,343
337,351
337,353
337,355
337,364
337,366
337,367
337,382
337,389
337,390
337,391
337,392
338,351
338,353
338,355
338,364
338,366
338,382
338,394
339,352
339,367
339,391
339,392
339,462
339,463
339,465
34,1039
34,1127
34,1160
34,1162
34,1163
34,50
34,51
34,62
34,949
34,950
340,349
340,352
340,384
340,462
340,463
340,465
341,352
341,462
341,463
341,465
342,343
342,352
342,462
342,463
342,465
343,344
343,352
343,373
343,377
343,392
343,438
343,462
343,463
343,465
343,470
344,352
344,462
344,463
344,465
345,348
345,349
345,350
345,360
346,400
346,401
346,402
346,405
346,415
346,416
347,423
347,424
347,425
347,426
347,427
347,428
347,433
347,434
347,435
347,436
347,437
348,376
348,397
349,350
35,1027
35,1053
35,1054
35,1057
35,1062
35,1153
35,1162
35,1164
35,1165
35,1166
35,1358
35,1508
35,1532
35,62
35,940
35,949
351,352
351,353
351,355
351,357
351,381
351,391
351,394
351,447
351,448
351,462
351,463
351,465
352,354
352,364
352,367
352,378
352,379
352,381
352,382
352,383
352,384
352,385
352,447
352,448
352,462
353,354
353,355
353,369
353,370
353,371
353,372
353,373
353,375
353,376
353,377
353,381
353,382
353,394
354,355
354,360
354,380
355,369
355,370
355,371
355,372
355,373
355,375
355,376
355,377
355,381
355,382
355,391
355,394
355,420
356,399
356,400
357,383
358,361
359,363
359,365
36,1166
36,1167
36,1168
36,1169
36,1170
36,62
36,947
36,948
36,949
36,950
36,953
36,983
360,368
360,378
360,386
360,387
361,362
361,363
361,364
361,365
361,366
361,367
362,363
363,365
363,366
364,365
364,367
364,368
364,369
364,370
364,371
364,372
364,373
364,374
364,375
364,376
364,377
364,378
367,371
367,373
367,374
367,462
367,463
367,465
369,372
369,393
369,394
369,395
37,1167
37,1171
37,53
37,62
37,939
37,940
37,943
37,949
37,950
37,974
37,990
370,372
370,393
370,394
370,395
370,396
371,375
371,379
371,394
371,408
371,445
371,446
371,448
371,451
371,453
371,455
371,456
371,457
372,376
372,394
372,395
372,396
373,382
373,394
373,409
373,423
373,424
373,425
373,427
373,430
373,431
373,432
373,433
373,434
373,435
373,436
373,437
373,438
373,439
373,440
374,427
374,428
374,429
374,430
374,431
374,432
374,433
374,434
374,435
374,436
375,379
375,394
375,408
375,445
375,447
375,448
375,449
375,455
375,456
375,464
375,466
375,467
375,468
376,394
376,395
376,398
377,394
377,470
378,381
379,449
379,456
379,459
38,1053
38,1171
38,1172
38,62
38,939
38,940
38,943
38,949
38,950
38,990
380,381
380,387
380,412
381,382
381,386
381,462
382,383
382,391
382,394
382,411
382,447
382,448
382,462
383,462
383,463
383,465
384,420
384,421
385,440
385,462
385,463
385,465
387,388
39,1106
39,1172
39,1173
39,1174
39,1175
39,1362
39,1574
39,58
39,62
39,949
39,987
392,420
393,395
395,396
395,397
395,398
399,401
399,403
399,413
399,414
399,415
4,1014
4,1015
4,1263
4,1264
4,26
4,28
4,949
4,950
4,959
4,974
4,989
40,1127
40,1175
40,1176
40,1177
40,1180
40,1182
40,1364
40,1444
40,41
40,62
40,949
40,953
40,983
40,989
401,402
401,403
402,404
402,405
402,413
403,413
403,414
403,415
404,405
405,406
405,413
407,416
407,418
407,419
408,446
408,447
408,448
408,456
409,436
41,1127
41,1176
41,1178
41,1179
41,1180
41,1181
41,1182
41,1372
41,1374
41,1444
41,47
41,57
41,62
41,949
41,974
410,470
411,412
412,427
412,428
413,414
414,415
416,417
417,418
417,419
42,1166
42,1182
42,1183
42,1184
42,1215
42,1359
42,1380
42,1381
42,62
42,949
42,950
420,421
420,422
423,424
423,438
424,425
424,438
425,426
425,438
425,441
426,427
426,440
427,428
427,438
428,429
428,430
428,431
428,432
428,433
428,434
428,435
428,436
429,439
43,1183
43,1185
43,1186
43,1379
43,1382
43,1386
43,62
43,947
43,948
43,949
43,950
43,953
43,983
430,431
430,433
430,438
430,442
430,443
431,432
431,433
431,437
431,438
432,438
432,440
432,441
433,438
434,438
435,438
435,439
435,441
436,438
437,438
437,439
437,440
437,441
438,439
438,440
439,440
439,441
44,1185
44,1187
44,1188
44,1189
44,1190
44,1191
44,1192
44,1390
44,62
44,947
44,949
44,953
44,958
44,964
44,965
44,966
44,967
440,441
442,444
443,444
445,446
445,447
445,448
445,449
446,448
446,450
447,448
447,449
447,450
447,451
447,452
447,464
447,465
447,466
448,450
448,451
448,452
448,453
448,456
449,451
449,452
449,453
449,455
449,456
449,457
45,1192
45,1193
45,1194
45,1391
45,1394
45,1540
45,62
45,949
450,458
450,462
450,463
450,464
450,465
450,467
450,468
450,768
450,783
450,784
450,789
450,790
450,791
450,806
450,807
451,453
451,454
451,464
452,454
454,455
454,458
455,456
455,457
456,457
457,458
459,460
459,461
459,462
459,463
459,465
46,1027
46,1193
46,1195
46,1196
46,1197
46,1407
46,1541
46,62
46,943
46,947
46,948
46,949
46,950
46,953
460,461
462,463
462,464
462,465
462,466
462,467
462,468
462,469
463,464
463,465
463,468
464,466
464,467
464,468
464,469
466,467
466,468
466,469
467,468
47,1008
47,1015
47,1018
47,1020
47,1021
47,1022
47,1023
47,1028
47,1049
47,1051
47,1063
47,1065
47,1066
47,1067
47,1068
47,1069
47,1070
47,1071
47,1107
47,1127
47,1197
47,1198
47,1200
47,1201
47,1202
47,1203
47,1204
47,1205
47,1417
47,1600
47,48
47,62
47,689
47,728
47,940
47,948
47,949
47,956
47,957
47,968
47,971
47,993
471,472
471,473
471,474
472,473
472,474
472,475
473,474
473,479
473,482
473,483
473,484
473,487
473,488
473,489
473,490
473,491
473,492
473,493
473,494
473,495
473,496
473,497
473,498
473,499
473,500
473,502
473,503
473,504
473,505
473,506
473,507
473,508
473,509
473,510
473,511
473,516
473,517
473,518
473,519
473,520
473,521
473,526
473,528
473,529
473,530
473,537
473,538
473,539
473,541
473,542
473,543
473,546
473,548
473,554
473,555
473,556
473,557
473,558
473,559
473,561
473,562
473,563
473,564
473,565
473,567
473,568
473,570
473,571
473,572
474,500
474,563
475,476
475,477
475,478
475,560
476,479
476,480
476,481
476,484
476,494
476,524
477,478
477,559
477,560
477,561
478,555
478,556
478,560
479,482
479,483
479,484
479,565
479,567
48,1023
48,1049
48,1066
48,1067
48,1068
48,1202
48,1203
48,1414
48,1415
48,1600
48,1601
48,62
48,948
48,949
480,481
480,484
480,494
480,503
480,505
481,490
481,495
481,512
481,515
482,485
483,484
483,485
483,486
483,487
483,490
483,491
483,492
483,494
483,495
483,497
483,501
483,502
483,503
483,545
483,554
483,558
483,559
483,565
483,566
483,567
483,568
483,572
483,573
484,486
484,487
484,488
484,489
484,490
484,491
484,492
484,493
484,494
484,495
484,496
484,497
484,498
484,499
484,500
484,501
484,502
484,503
484,504
484,505
484,506
484,507
484,529
484,538
484,546
484,548
484,565
484,566
484,567
484,568
484,572
484,905
485,486
485,487
486,487
486,488
486,494
486,497
487,490
487,497
487,529
487,530
487,545
487,547
489,494
49,1039
49,1127
49,1163
49,1205
49,1206
49,50
49,52
49,62
49,949
49,989
490,492
490,493
490,494
490,495
490,496
490,498
490,503
490,504
490,507
490,508
490,510
490,511
490,512
490,513
490,514
490,515
490,516
490,517
490,529
490,565
491,492
491,522
491,523
491,524
491,525
491,526
492,515
492,522
492,523
492,525
493,496
493,532
493,538
493,539
493,540
493,545
494,495
494,496
494,497
494,498
494,499
494,500
494,503
494,504
494,505
494,506
494,507
494,528
494,567
494,570
495,496
495,498
495,499
495,500
495,503
495,504
495,507
495,511
495,512
495,513
495,515
495,516
495,517
495,518
495,567
495,570
496,532
496,539
496,540
496,542
497,498
497,505
498,508
498,510
498,512
498,514
499,569
499,570
5,1001
5,1020
5,1053
5,1269
5,1273
5,1274
5,1275
5,1276
5,1277
5,1278
5,1279
5,1280
5,1281
5,1282
5,1283
5,1508
5,18
5,28
5,35
5,41
5,62
5,949
5,963
50,1028
50,1031
50,1032
50,1033
50,1038
50,1039
50,1107
50,1127
50,1136
50,1163
50,1237
50,1293
50,1295
50,1296
50,1297
50,1315
50,1424
50,1425
50,1427
50,1428
50,1429
50,1544
50,1621
50,1637
50,1648
50,1660
50,1703
50,1704
50,1705
50,1706
50,1729
50,1740
50,51
50,52
50,62
50,689
50,728
50,940
50,941
50,949
50,953
500,563
500,567
501,502
501,560
501,566
501,567
501,571
502,567
502,568
502,573
504,518
504,519
506,507
506,563
506,572
507,508
507,510
507,561
508,509
508,510
508,512
508,513
508,514
509,511
51,1002
51,1039
51,1127
51,1206
51,1207
51,1740
51,57
51,62
51,940
51,949
51,950
51,953
51,956
51,983
51,989
510,512
510,514
511,512
511,513
512,514
512,547
512,565
512,566
512,568
512,569
513,516
513,520
515,521
516,517
517,519
52,1039
52,1040
52,1127
52,1128
52,1207
52,1208
52,1209
52,1210
52,53
52,66
52,943
52,949
520,521
522,523
522,524
522,525
522,526
522,527
523,524
523,525
524,525
524,526
527,543
527,553
528,529
53,1211
53,1212
53,62
53,939
53,940
53,943
53,949
53,950
530,554
530,555
530,556
531,532
531,533
531,534
531,535
531,536
531,537
532,533
532,534
532,535
532,536
532,537
532,538
532,542
532,546
533,534
533,546
534,535
535,547
536,537
536,547
536,549
537,541
537,549
538,539
539,540
539,541
54,1212
54,1213
54,1214
54,1215
54,1432
54,1433
54,1527
54,62
54,940
54,949
54,950
540,541
540,542
540,543
540,544
541,544
542,543
543,544
543,553
544,550
544,551
544,552
545,546
545,547
546,548
548,562
548,564
55,1215
55,1216
55,1217
55,62
55,949
550,552
550,576
550,578
550,583
550,584
550,592
550,593
550,604
550,605
551,575
551,580
551,583
551,585
551,590
551,591
551,753
551,754
552,582
552,585
554,557
554,558
554,559
555,562
557,559
558,559
559,560
56,1008
56,1028
56,1073
56,1074
56,1076
56,1077
56,1078
56,1079
56,1080
56,1082
56,1107
56,1127
56,1216
56,1218
56,1219
56,1220
56,1221
56,1223
56,1224
56,1225
56,1226
56,1227
56,1228
56,1229
56,1230
56,1231
56,1441
56,1547
56,62
56,940
56,949
56,953
56,956
56,968
56,971
56,994
56,995
560,564
565,566
565,567
565,568
566,568
567,570
567,571
568,569
57,1127
57,1178
57,1180
57,1231
57,1232
57,1233
57,1234
57,62
57,947
57,949
57,953
57,974
57,975
571,572
572,573
574,575
574,576
576,583
576,590
576,591
576,596
576,754
577,578
577,579
577,580
577,581
578,582
578,583
578,584
579,581
579,587
579,588
579,589
579,590
579,606
58,1106
58,1107
58,1108
58,1234
58,1235
58,62
580,581
580,590
580,591
580,606
580,609
581,606
582,583
583,592
583,593
583,594
583,596
584,585
584,594
584,597
584,603
585,586
586,587
586,588
586,590
586,591
586,607
586,608
587,588
588,589
59,1003
59,1268
59,1505
59,939
59,943
59,949
59,950
59,989
590,591
590,592
590,593
590,594
591,592
591,593
591,594
592,593
592,594
592,595
592,596
592,597
592,607
593,605
594,601
595,598
595,599
596,602
597,599
597,600
597,601
597,602
6,62
6,949
6,983
6,985
6,987
6,988
6,989
60,1367
60,1374
60,939
60,949
60,950
60,989
600,601
602,603
604,605
606,607
61,1559
61,1560
61,1561
61,62
610,611
610,612
610,613
610,614
610,615
610,616
610,617
610,618
610,619
610,620
610,621
610,622
610,623
610,624
610,625
610,626
610,627
610,628
610,629
610,630
610,631
610,632
610,633
610,634
610,635
610,636
610,637
610,638
610,639
610,640
610,641
610,642
610,643
610,644
610,645
610,646
610,647
610,648
610,649
610,650
610,651
610,652
610,653
610,654
610,655
610,656
610,657
610,658
610,659
610,660
610,661
610,662
610,663
610,664
610,665
610,666
610,667
610,668
610,669
610,670
610,671
610,672
610,673
610,674
610,675
610,676
610,677
610,678
610,679
610,680
610,681
610,682
610,683
610,684
610,685
610,686
610,687
610,688
610,689
610,690
610,691
610,711
610,728
611,612
611,613
611,614
611,615
611,686
611,687
611,688
611,689
611,690
611,691
611,692
611,693
611,694
611,695
611,696
611,728
611,737
612,614
612,617
612,619
612,626
612,628
612,648
612,649
612,650
612,652
612,653
612,657
612,659
612,661
612,674
612,679
612,684
612,685
612,687
612,689
612,692
612,697
613,614
613,617
613,620
613,622
613,623
613,624
613,625
613,627
613,628
613,629
613,630
613,631
613,633
613,634
613,636
613,637
613,639
613,640
613,641
613,642
613,644
613,645
613,647
613,648
613,649
613,650
613,652
613,653
613,654
613,655
613,656
613,657
613,659
613,660
613,661
613,665
613,674
613,679
613,684
613,685
613,688
613,689
613,693
613,699
614,617
614,620
614,625
614,627
614,628
614,629
614,630
614,633
614,636
614,640
614,642
614,644
614,648
614,649
614,650
614,652
614,653
614,654
614,657
614,659
614,661
614,665
614,674
614,679
614,682
614,684
614,685
614,687
614,688
614,689
614,694
615,618
615,662
615,663
615,664
615,666
615,667
615,668
615,669
615,670
615,671
615,672
615,673
615,675
615,677
615,678
615,680
615,689
615,690
615,695
615,728
616,620
616,621
616,632
616,635
616,638
616,643
616,658
616,702
616,704
617,618
617,698
618,619
618,663
618,672
618,698
619,620
619,646
619,698
62,1100
62,1105
62,1109
62,1110
62,1111
62,1112
62,1114
62,1119
62,1121
62,1123
62,1125
62,1126
62,1129
62,1131
62,1139
62,1140
62,1142
62,1143
62,1145
62,1147
62,1148
62,1149
62,1152
62,1154
62,1156
62,1158
62,1160
62,1162
62,1164
62,1167
62,1171
62,1172
62,1173
62,1176
62,1178
62,1183
62,1185
62,1187
62,1193
62,1195
62,1198
62,1200
62,1206
62,1207
62,1211
62,1213
62,1216
62,1218
62,1219
62,1232
62,1235
62,1560
62,1600
62,1601
62,1703
62,63
62,64
62,67
62,69
62,70
62,71
62,72
62,73
62,74
62,75
62,76
62,77
62,78
62,79
62,80
62,82
62,83
62,85
62,87
62,944
62,949
62,985
62,986
62,988
62,996
620,621
620,630
620,633
620,636
620,654
620,684
620,699
621,622
621,701
622,623
622,697
623,624
623,697
624,625
624,697
625,626
625,703
625,738
626,627
626,640
626,704
627,628
627,698
628,629
628,654
628,659
628,698
629,630
629,646
629,647
629,697
63,65
63,66
630,631
630,632
630,633
630,636
630,699
631,632
631,634
631,637
631,645
631,699
632,633
632,636
632,701
633,634
633,635
633,636
633,699
633,705
634,635
634,637
634,645
634,699
635,636
635,701
636,637
636,638
636,699
637,638
637,645
637,699
638,639
638,701
639,640
639,704
64,1129
64,1130
64,69
64,75
64,83
64,85
640,641
640,704
641,642
641,682
641,704
642,643
642,699
643,644
643,699
644,645
644,654
644,698
645,646
645,647
645,675
645,677
645,680
645,698
645,726
646,647
646,675
646,676
646,677
646,698
647,648
648,649
648,652
648,653
648,698
649,650
649,698
65,67
65,68
65,69
65,70
650,651
651,652
651,702
651,706
651,707
651,708
651,709
651,710
652,653
652,698
652,710
653,654
653,698
654,655
654,657
654,661
654,684
654,685
654,698
655,656
655,699
656,657
656,699
657,658
657,665
657,699
658,659
658,701
659,660
659,698
66,1036
66,1039
66,1040
66,1135
66,1145
66,1187
66,1209
66,1210
66,1315
66,1560
66,1576
66,1579
66,1585
66,1586
66,1591
66,1603
66,1604
66,1605
66,1606
66,1607
66,1608
66,1620
66,1621
66,1622
66,1623
66,1624
66,1625
66,1628
66,1630
66,1631
66,1632
66,1633
66,1634
66,1649
66,1651
66,1652
66,1653
66,1654
66,1666
66,1670
66,1681
66,1682
66,1691
66,1703
66,1712
66,1717
66,1718
66,1725
66,73
66,75
66,944
660,661
660,704
661,662
661,701
662,663
662,699
663,664
663,699
664,665
664,698
665,666
665,698
666,667
666,704
667,668
667,675
667,677
667,698
668,669
668,704
669,670
669,704
67,1105
67,1109
67,1110
67,1111
67,1112
67,1114
67,1119
67,1121
67,1123
67,1125
67,1126
67,1129
67,1131
67,1139
67,1140
67,1142
67,1145
67,1147
67,1148
67,1149
67,1152
67,1154
67,1156
67,1158
67,1160
67,1162
67,1164
67,1167
67,1171
67,1172
67,1173
67,1176
67,1178
67,1183
67,1185
67,1187
67,1193
67,1195
67,1198
67,1200
67,1206
67,1207
67,1211
67,1213
67,1216
67,1218
67,1219
67,1232
67,1235
67,1560
67,1600
67,1601
67,1703
67,71
67,72
67,944
67,985
67,986
67,996
670,671
670,704
671,672
671,703
672,673
672,703
673,674
673,704
673,728
674,675
674,700
675,676
675,677
675,683
675,698
676,677
676,683
676,698
677,678
677,683
678,679
678,703
679,680
679,698
68,1145
68,78
68,82
68,944
680,681
680,699
681,682
681,698
682,683
682,704
683,684
683,698
684,685
684,698
685,698
686,687
686,688
686,689
686,690
686,697
687,692
687,696
687,698
687,714
687,716
688,693
688,696
688,715
688,731
689,694
689,696
689,715
689,725
689,740
69,1100
69,1109
69,1110
69,1111
69,1112
69,1114
69,1119
69,1121
69,1131
69,1140
69,1142
69,1145
69,1147
69,1148
69,1149
69,1152
69,1154
69,1156
69,1158
69,1160
69,1162
69,1164
69,1167
69,1171
69,1172
69,1173
69,1176
69,1178
69,1183
69,1185
69,1187
69,1193
69,1195
69,1198
69,1200
69,1211
69,1213
69,1216
69,1218
69,1219
69,1232
69,1560
69,1600
69,1601
69,1703
69,74
69,75
69,77
69,85
69,86
69,985
69,986
69,996
690,695
690,696
690,700
690,728
690,733
691,692
691,693
691,694
691,695
691,696
691,698
692,693
693,694
694,695
695,699
696,703
696,704
699,701
7,1265
7,1335
7,1414
7,1417
7,1441
7,1574
7,59
7,62
7,955
7,996
70,1100
70,1114
70,1119
70,1123
70,1139
70,1148
70,1149
70,1154
70,1167
70,1176
70,1185
70,1193
70,1198
70,1207
70,1213
70,1218
70,1560
70,1574
70,1600
70,1703
70,72
70,74
70,944
700,701
701,702
705,714
705,715
705,716
705,717
705,718
705,719
705,720
705,721
705,722
705,723
705,724
705,728
705,737
705,740
705,741
71,1109
71,1110
71,1111
71,1112
71,1114
71,1119
71,1121
71,1125
71,1126
71,1129
71,1131
71,1140
71,1142
71,1145
71,1147
71,1149
71,1152
71,1154
71,1156
71,1158
71,1160
71,1162
71,1164
71,1167
71,1171
71,1172
71,1173
71,1176
71,1178
71,1183
71,1185
71,1187
71,1193
71,1195
71,1200
71,1206
71,1207
71,1211
71,1213
71,1216
71,1219
71,1232
71,1601
71,1703
71,73
71,81
71,82
71,944
711,712
711,713
712,713
712,714
712,715
713,715
713,724
713,725
713,728
713,736
713,742
714,715
714,716
714,735
715,723
715,724
715,725
715,726
715,727
715,728
715,731
715,732
716,738
716,739
72,1100
72,1114
72,1119
72,1123
72,1125
72,1139
72,1148
72,1149
72,1154
72,1167
72,1176
72,1185
72,1193
72,1198
72,1206
72,1207
72,1213
72,1218
72,1560
72,1574
72,1600
72,1703
72,87
72,944
724,735
725,735
725,736
726,731
726,732
726,734
727,730
727,732
727,733
727,734
728,732
728,733
728,734
728,736
728,737
728,738
728,739
728,740
729,730
729,731
729,732
729,733
73,1125
73,1126
73,1129
73,1162
73,1187
73,1206
73,1207
73,1703
73,75
730,731
730,732
733,734
736,737
737,740
738,741
739,740
74,1114
74,1148
74,1149
74,1152
74,1154
74,1195
74,1198
74,1200
74,1218
74,1219
74,1600
741,742
743,744
744,745
744,746
745,747
745,749
745,750
747,748
748,749
748,750
749,750
749,751
75,1109
75,1110
75,1111
75,1125
75,1126
75,1129
75,1145
75,1148
75,1152
75,1156
75,1162
75,1171
75,1172
75,1187
75,1198
75,1206
75,1207
75,1211
75,1218
75,1560
75,1600
75,1703
75,80
75,84
75,85
75,944
750,751
751,752
753,754
755,756
755,757
755,758
755,759
756,757
756,758
756,760
756,761
756,762
756,764
756,766
757,758
757,759
757,762
757,765
757,766
758,762
758,763
758,764
759,760
759,761
759,762
759,763
759,766
76,1109
76,1110
76,1111
76,1140
76,1142
76,1148
76,1152
76,1156
76,1167
76,1171
76,1172
76,1176
76,1185
76,1187
76,1193
76,1198
76,1211
76,1218
76,1560
76,1600
76,84
76,944
760,762
761,764
762,763
765,766
767,768
767,790
768,782
768,783
768,809
769,770
769,771
769,772
769,773
769,774
769,775
769,776
769,777
769,778
769,779
769,780
769,781
77,1100
77,1145
77,1148
77,82
77,85
77,944
770,772
770,773
770,774
770,775
770,776
770,779
770,780
770,781
770,790
770,806
770,819
770,822
770,823
771,777
771,817
772,773
772,778
773,774
774,775
775,776
776,779
777,778
777,779
778,819
779,780
78,1145
78,86
78,944
780,781
782,783
782,784
783,786
783,787
783,788
783,789
783,790
783,791
784,787
787,789
789,791
79,1200
79,80
79,81
79,87
790,794
790,798
790,805
790,806
792,793
792,794
792,795
792,796
793,794
793,795
794,795
794,796
794,802
794,803
794,804
794,805
794,806
795,796
796,797
797,798
797,799
797,801
798,799
798,800
798,806
8,1011
8,1014
8,1015
8,1016
8,1512
8,1514
8,26
8,28
8,949
8,950
8,959
8,974
80,1199
800,801
801,802
802,803
802,804
803,804
804,805
81,1200
81,83
810,811
810,812
810,816
811,812
812,813
812,814
812,815
812,816
813,814
813,816
814,815
814,816
815,816
817,818
818,819
818,820
818,821
818,822
818,823
819,820
819,821
819,822
819,823
82,1119
82,1145
82,944
820,822
821,823
824,825
824,826
824,833
825,827
825,828
825,829
825,830
825,834
825,838
826,827
826,829
826,832
826,836
826,848
826,850
827,831
827,832
827,833
827,834
827,836
827,842
827,848
827,852
827,854
828,829
828,834
828,838
828,851
829,830
829,838
829,839
829,842
829,854
83,1125
83,1126
83,1129
83,1162
83,1206
83,1207
83,1703
83,84
830,834
830,838
830,839
830,841
830,843
831,832
831,833
831,834
832,833
832,835
832,836
833,834
833,837
833,840
833,841
833,842
833,847
833,850
834,836
834,838
834,841
834,842
834,845
834,846
834,847
834,852
834,853
835,837
835,838
835,839
836,841
836,842
836,845
836,846
836,847
836,848
837,838
837,840
837,841
837,842
837,843
837,844
837,849
838,839
838,840
838,841
838,842
838,848
838,854
839,840
84,1162
84,1703
840,841
840,842
840,845
840,847
841,842
841,845
842,843
842,846
842,849
844,845
845,846
845,847
846,852
847,848
849,852
85,1129
851,855
851,856
851,857
851,859
851,860
851,861
851,862
851,865
851,890
851,891
852,853
853,854
855,856
855,857
855,858
855,890
856,857
856,859
856,861
856,862
856,863
856,864
856,865
856,866
856,867
856,868
856,869
856,870
856,871
857,858
857,859
857,860
857,862
857,865
857,867
857,875
857,882
859,860
860,868
860,891
862,864
862,867
862,869
862,870
862,871
862,875
862,881
862,882
863,872
863,873
863,878
864,865
864,866
864,867
864,869
864,870
864,872
864,875
864,876
864,881
864,885
864,886
865,869
865,870
865,873
865,874
865,875
865,876
865,882
866,869
866,888
866,889
867,869
867,870
867,875
867,881
867,882
867,883
868,869
869,870
869,875
869,888
870,876
871,890
872,874
872,877
872,878
872,879
872,880
874,877
875,876
875,880
875,881
875,882
876,881
876,887
878,879
878,882
878,883
878,884
879,884
879,885
88,89
88,91
881,886
881,887
883,884
883,889
89,90
89,91
89,92
89,93
890,891
892,893
892,894
892,895
892,896
893,897
893,898
894,895
894,897
894,898
895,898
896,900
897,898
898,899
898,900
898,901
898,936
899,903
899,904
899,910
899,912
899,913
899,915
899,919
899,920
899,921
9,1203
9,1598
9,1599
9,26
9,47
9,949
9,950
9,974
90,91
90,92
90,93
90,94
90,95
900,901
900,937
901,936
902,903
902,904
902,905
902,906
902,907
902,908
902,909
903,904
903,905
903,906
903,910
903,911
903,912
903,913
903,914
903,915
903,916
903,917
903,918
903,919
904,915
904,916
904,935
905,906
905,917
905,930
906,912
906,917
906,918
906,930
906,931
907,923
907,926
907,927
908,909
908,923
908,924
909,923
91,1805
91,1829
91,1830
91,1946
91,1956
91,92
91,94
91,95
91,96
91,97
91,98
910,911
910,913
910,920
910,921
911,912
911,913
911,920
912,913
912,921
913,914
913,920
913,933
913,934
914,920
914,922
915,935
916,922
916,931
916,935
917,919
917,930
918,931
918,932
918,934
918,935
918,936
919,932
92,94
921,922
923,924
923,925
923,926
923,927
924,925
927,928
928,929
93,100
93,102
93,94
931,933
931,935
932,933
933,934
937,1772
937,1773
938,1288
938,1289
938,1290
938,1291
938,1292
938,1300
938,1302
938,1303
938,1305
938,1307
938,1309
938,1316
938,1318
938,1319
938,1320
938,1322
938,1323
938,1382
938,1454
938,1456
938,1457
938,1459
938,1461
938,1462
938,1510
938,1639
938,1640
938,1641
938,1642
938,1643
938,1644
938,1645
938,1646
938,1684
938,1685
938,1719
938,1720
938,1721
938,1722
938,1723
938,1724
938,1725
938,1726
938,939
938,940
938,941
938,942
938,943
939,1034
939,1254
939,1256
939,1257
939,1261
939,1311
939,1363
939,1431
939,1432
939,1505
939,940
939,943
939,944
939,945
939,947
939,948
939,949
939,950
939,951
939,952
939,953
939,990
94,1956
94,95
94,96
940,1107
940,1120
940,1128
940,1133
940,1208
940,1237
940,1240
940,1288
940,1289
940,1290
940,1291
940,1292
940,1294
940,1300
940,1302
940,1303
940,1305
940,1307
940,1309
940,1316
940,1318
940,1319
940,1320
940,1322
940,1323
940,1382
940,1448
940,1454
940,1456
940,1457
940,1459
940,1461
940,1462
940,1510
940,1574
940,1637
940,1638
940,1639
940,1640
940,1641
940,1642
940,1643
940,1644
940,1645
940,1646
940,1684
940,1685
940,1719
940,1720
940,1721
940,1722
940,1723
940,1724
940,1725
940,1726
940,941
940,949
940,958
940,968
941,1639
941,1640
941,1641
941,1642
941,1643
941,1644
941,1645
941,1646
941,1684
941,1685
941,1709
941,1719
941,1720
941,1721
941,1722
941,1723
941,1724
941,1725
941,1726
941,1729
942,1065
942,1066
942,1226
943,1088
943,1089
943,1096
943,1097
943,1098
943,1099
943,1107
943,1120
943,1239
943,1242
943,1259
943,1261
943,1294
943,1301
943,1314
943,1317
943,1334
943,1343
943,1351
943,1386
943,1407
943,1441
943,1469
943,1475
943,1516
943,1517
943,1518
943,1519
943,1520
943,1521
943,1522
943,1555
943,1556
943,1574
943,1585
943,1712
943,969
943,982
943,995
945,946
945,947
945,948
946,948
946,953
946,954
946,955
946,956
946,957
947,1000
947,1026
947,1027
947,1033
947,1034
947,1054
947,1111
947,1152
947,1156
947,1168
947,1172
947,1178
947,1187
947,1188
947,1189
947,1191
947,1192
947,1195
947,1197
947,1209
947,1260
947,1342
947,1346
947,1349
947,1360
947,1368
947,1372
947,1373
947,1377
947,1378
947,1379
947,1383
947,1407
947,1413
947,1424
947,1425
947,1560
947,1606
947,1717
947,948
947,951
947,958
947,964
947,983
947,984
947,992
947,999
948,1000
948,1026
948,1034
948,1051
948,1054
948,1067
948,1156
948,1178
948,1187
948,1189
948,1195
948,1197
948,1200
948,1349
948,1360
948,1368
948,1373
948,1377
948,1378
948,1383
948,1413
948,1424
948,1443
948,1560
948,1717
948,957
948,984
948,992
949,1004
949,1006
949,1007
949,1008
949,1010
949,1012
949,1016
949,1029
949,1030
949,1034
949,1094
949,1096
949,1101
949,1104
949,1107
949,1108
949,1116
949,1119
949,1120
949,1143
949,1166
949,1168
949,1182
949,1188
949,1189
949,1191
949,1192
949,1215
949,1239
949,1241
949,1242
949,1254
949,1255
949,1256
949,1257
949,1258
949,1259
949,1260
949,1261
949,1264
949,1265
949,1268
949,1284
949,1285
949,1286
949,1287
949,1293
949,1294
949,1296
949,1298
949,1306
949,1310
949,1312
949,1313
949,1317
949,1324
949,1326
949,1331
949,1334
949,1335
949,1336
949,1342
949,1343
949,1344
949,1345
949,1346
949,1347
949,1351
949,1355
949,1356
949,1357
949,1358
949,1359
949,1361
949,1362
949,1363
949,1364
949,1365
949,1367
949,1372
949,1374
949,1379
949,1380
949,1381
949,1386
949,1390
949,1394
949,1400
949,1407
949,1409
949,1414
949,1417
949,1421
949,1422
949,1431
949,1432
949,1436
949,1440
949,1441
949,1442
949,1446
949,1463
949,1471
949,1473
949,1474
949,1475
949,1476
949,1478
949,1480
949,1482
949,1483
949,1484
949,1485
949,1486
949,1505
949,1508
949,1512
949,1514
949,1523
949,1530
949,1531
949,1532
949,1533
949,1534
949,1535
949,1536
949,1537
949,1538
949,1539
949,1540
949,1541
949,1542
949,1543
949,1544
949,1545
949,1546
949,1547
949,1548
949,1554
949,1558
949,1574
949,1599
949,1730
949,1740
949,953
949,956
949,968
949,971
949,974
949,975
949,988
949,989
949,998
95,97
95,99
950,1016
950,1166
950,1215
950,1264
950,1315
950,1328
950,1364
950,1367
950,1407
950,1409
950,1432
950,1436
950,1504
950,1512
950,1514
950,1573
950,1574
950,1575
950,1576
950,1577
950,1578
950,1579
950,1580
950,1581
950,1582
950,1583
950,1584
950,1585
950,1586
950,1587
950,1588
950,1589
950,1590
950,1591
950,1592
950,1593
950,1594
950,1595
950,1596
950,1599
950,1727
950,1728
950,1740
951,1212
951,955
951,990
951,992
952,1113
952,1157
952,1254
952,1255
952,1256
952,1257
952,1258
952,1259
952,1261
952,1346
952,1347
952,1363
952,1431
952,1470
952,1471
952,1486
952,1505
952,989
953,1000
953,1018
953,1026
953,1038
953,1041
953,1051
953,1054
953,1226
953,1274
953,1424
953,1598
953,1604
953,1652
953,1717
953,1742
953,954
953,958
953,984
953,992
954,1511
954,1513
954,958
954,959
954,960
954,961
954,962
954,963
955,956
955,957
955,993
955,994
955,995
956,1009
956,992
956,993
956,994
957,1032
957,1200
957,1441
957,1443
957,995
958,964
958,965
958,966
958,967
959,1001
959,1005
959,1014
959,1015
959,1335
959,1511
959,1513
959,1514
959,960
959,961
959,962
959,963
960,1048
960,1292
960,1293
960,1294
961,1001
961,1005
961,1009
961,1010
961,1673
962,1016
962,1018
962,1673
963,1048
963,1049
963,1149
963,1265
963,1272
963,1279
963,1335
963,1338
964,965
964,966
964,967
965,1188
965,1566
965,966
965,967
966,1191
966,967
967,1192
967,1571
968,1239
968,1240
968,1306
968,1574
968,969
968,970
968,971
969,974
969,975
969,979
969,982
969,983
97,98
970,1017
970,981
971,1004
971,1007
971,1008
971,1100
971,1101
971,1102
971,1239
971,1574
972,1246
972,1247
972,1248
972,1249
972,1250
972,1251
972,1253
972,1464
972,1465
972,1466
972,1467
972,1468
972,1469
972,1470
972,1491
972,1492
972,1493
972,1494
972,1495
972,1496
972,1497
972,1498
972,1499
972,1500
972,1501
972,1502
972,1503
972,1504
972,973
972,974
972,975
972,976
972,977
972,978
972,979
972,980
972,982
973,1464
973,974
973,980
974,1119
974,1242
974,1245
974,1246
974,1247
974,1248
974,1249
974,1250
974,1251
974,1252
974,1253
974,1391
974,1432
974,1436
974,1464
974,1465
974,1466
974,1467
974,1468
974,1469
974,1470
974,1475
974,1488
974,1491
974,1492
974,1493
974,1494
974,1495
974,1496
974,1497
974,1498
974,1499
974,1500
974,1501
974,1502
974,1503
974,1504
974,1740
974,975
974,976
974,977
974,978
974,979
974,980
974,981
974,982
975,1465
975,1740
975,976
976,1466
976,1469
976,977
976,982
977,1467
977,978
978,1468
978,982
979,1470
979,980
98,101
980,982
981,1017
981,1464
981,1465
981,1466
981,1467
981,1468
981,1469
981,1470
982,1469
983,984
984,1006
984,992
986,987
987,990
987,991
988,989
989,1007
989,1017
989,1113
989,1115
989,1120
989,1122
989,1132
989,1141
989,1144
989,1146
989,1151
989,1155
989,1157
989,1159
989,1161
989,1165
989,1168
989,1170
989,1174
989,1177
989,1181
989,1184
989,1186
989,1190
989,1194
989,1196
989,1204
989,1214
989,1215
989,1217
989,1229
989,1233
989,1241
989,1242
989,1254
989,1255
989,1256
989,1257
989,1258
989,1259
989,1260
989,1261
989,1265
989,1268
989,1284
989,1285
989,1287
989,1293
989,1294
989,1295
989,1296
989,1298
989,1306
989,1310
989,1312
989,1317
989,1326
989,1331
989,1334
989,1335
989,1336
989,1342
989,1344
989,1345
989,1346
989,1347
989,1351
989,1355
989,1356
989,1357
989,1358
989,1359
989,1361
989,1362
989,1363
989,1364
989,1365
989,1367
989,1372
989,1374
989,1379
989,1380
989,1381
989,1386
989,1390
989,1394
989,1400
989,1407
989,1409
989,1414
989,1415
989,1417
989,1421
989,1422
989,1430
989,1431
989,1432
989,1436
989,1440
989,1441
989,1442
989,1446
989,1463
989,1471
989,1473
989,1474
989,1475
989,1476
989,1478
989,1480
989,1482
989,1483
989,1484
989,1485
989,1486
989,1505
989,1523
989,1530
989,1531
989,1532
989,1533
989,1534
989,1535
989,1536
989,1537
989,1538
989,1539
989,1540
989,1541
989,1542
989,1543
989,1544
989,1545
989,1546
989,1547
989,1548
989,1740
99,100
99,101
990,992
991,1017
991,1269
992,1212
992,1673
993,1202
993,1203
993,1600
994,1227
994,1441
994,1736
994,995
995,1074
995,1077
995,1078
995,1222
995,1274
995,1740
995,1741
996,997
997,1001
997,1002
997,1003
997,1263
997,1265
997,1268
997,1506
998,999
999,1000
